y <- c(80,85,75,91,65,93,81,89,88,78,86,
       72,83,78,80,87,60,94,87,89,79,37,77,77,
       82,91,47,92,87,58,83,87,39,81,90,49,95,
       43)/100

x1 <- c(4.3,2.7,4.8,3.9,8.1,1.8,2.3,4,2.7,5,
        2,17.4,4.8,2.6,2.1,2.6,8.1,1.5,2.4,
        6.8,3.2,4.6,2.1,4.9,2.7,4.3,6.5,6.7,
        4,17.3,5.7,1.8,13,2.6,3.8,4.9,3.6,26.5)

x2 <- c(1,0.4,1,1.4,4.5,0.8,0.7,3.1,1.4,
        0.6,0.4,1,1.2,0.9,0.6,1.7,0.8,0.3,1.1,
        6.6,0.6,17.9,0.6,1.3,0.6,0.8,1,0.8,0.6,
        0.6,1,0.5,1.7,0.2,4.9,27.6,11.3,10)

example_data <- data.frame(y, x1, x2)
